A= [ 25,2,-18,1;1,17,5,-8;-2,8,-21,5;1,2,-1,13;]

b=[5;46;184;2]